0 0 0 1 1 0 1 1
0 0 2 2 2 0 0 2
5 5 5 5 0 0 5 5
5 6 8 9 8 6 5 9
5 5 2 5 2 7 5 7
2 3 5 3 5 6 2 6
0 0 10 10 10 7 3 0
2 5 4 5 8 5 6 5
5 2 5 4 5 8 5 6
1 1 3 3 4 4 5 5
2 5 6 7 4 7 4 7
8 3 2 3 9 3 9 3
2 3 2 3 8 3 10 3
8 3 8 3 3 8 3 8
2 2 2 8 4 6 8 6
0 5 5 10 5 5 10 10
2 2 8 3 8 4 2 8
10 10 0 0 10 0 5 5
2 5 5 5 5 5 8 5
0 0 5 5 10 10 5 5
0 0 10 10 0 10 10 0
5 0 5 10 10 5 0 5
2 3 2 8 2 5 8 5
2 2 8 5 8 5 8 5
5 0 5 10 5 0 5 0
5 5 5 5 5 5 5 5
0 5 10 5 5 5 5 5
6 6 2 2 4 4 8 8
5 0 5 6 5 10 5 2
2 5 10 5 6 5 0 5
0 0 0 0 0 0 0 0
